image: map2.pgm
resolution: 0.005000
origin: [-0.250000, -1.245000, 0]
negate: 0
occupied_thresh: 0.65
free_thresh: 0.196

